398
57
417
270
271
918
903
314
569
70
381
32
463
260
256
362
356
218
167
867
441
305
826
155
48
479
987
469
575
520
383
326
577
800
596
200
71
499
867
992
921
600
376
384
860
632
98
568
850
265
436
291
923
614
799
323
94
138
792
21
658
527
699
588
680
295
140
751
146
359
95
67
960
471
803
172
103
902
741
306
519
529
949
442
495
100
765
941
238
909
315
249
437
14
189
117
310
329
220
808
41
315
876
1
786
679
173
241
933
266
547
453
147
849
895
995
949
661
936
188
570
251
789
359
618
978
476
280
659
696
88
700
11
964
53
149
996
579
391
281
845
290
734
345
139
982
340
89
995
276
629
917
880
770
277
850
100
753
130
759
802
218
812
165
535
865
315
531
444
706
812
642
348
899
987
488
881
327
929
876
955
910
793
187
32
70
37
132
176
167
243
330
386
55
495
921
273
810
804
69
868
968
63
217
867
402
57
100
81
986
976
37
248
122
576
280
192
614
764
720
133
7
50
519
415
546
792
40
708
948
109
577
917
525
794
136
927
851
237
9
189
565
398
789
687
974
421
232
588
185
952
74
544
355
945
959
253
738
999
961
38
461
890
307
338
36
444
265
887
33
626
428
598
24
217
638
999
638
870
939
175
174
13
720
529
959
31
134
49
31
448
439
844
338
747
182
375
191
799
614
576
426
43
174
450
612
812
801
603
34
741
130
209
106
850
90
417
882
225
818
265
25
258
461
363
5
643
90
548
794
705
124
220
100
650
23
64
463
824
19
497
565
150
58
24
352
149
441
586
726
612
851
751
870
664
466
875
659
557
775
454
614
899
674
66
549
697
130
364
522
502
214
439
652
272
815
356
773
257
943
499
869
146
602
91
811
69
318
470
626
93
924
592
344
951
658
893
0
140
610
522
642
824
314
646
448
129
3
222
738
298
73
959
444
676
50
607
745
720
430
723
813
706
315
157
657
325
403
10
465
365
884
108
189
198
106
989
680
109
211
770
759
285
82
556
313
132
163
58
205
945
133
18
652
448
528
661
125
283
671
590
648
556
50
189
106
157
178
138
618
742
909
378
379
991
934
692
475
449
102
680
395
235
51
399
35
579
60
160
862
84
102
862
992
153
51
98
662
229
237
