0
1
3
5
7
9
10
11
13
14
18
19
21
23
24
24
25
31
31
32
32
33
34
35
36
37
37
38
40
41
43
48
49
50
50
50
51
51
53
55
57
57
58
58
60
63
64
66
67
69
69
70
70
71
73
74
81
82
84
88
89
90
90
91
93
94
95
98
98
100
100
100
100
102
102
103
106
106
106
108
109
109
117
122
124
125
129
130
130
130
132
132
133
133
134
136
138
138
139
140
140
146
146
147
149
149
150
153
155
157
157
160
163
165
167
167
172
173
174
174
175
176
178
182
185
187
188
189
189
189
189
191
192
198
200
205
209
211
214
217
217
218
218
220
220
222
225
229
232
235
237
237
237
238
241
243
248
249
251
253
256
257
258
260
265
265
265
266
270
271
272
273
276
277
280
280
281
283
285
290
291
295
298
305
306
307
310
313
314
314
315
315
315
315
318
323
325
326
327
329
330
338
338
340
344
345
348
352
355
356
356
359
359
362
363
364
365
375
376
378
379
381
383
384
386
391
395
398
398
399
402
403
415
417
417
421
426
428
430
436
437
439
439
441
441
442
444
444
444
448
448
448
449
450
453
454
461
461
463
463
465
466
469
470
471
475
476
479
488
495
495
497
499
499
502
519
519
520
522
522
525
527
528
529
529
531
535
544
546
547
548
549
556
556
557
565
565
568
569
570
575
576
576
577
577
579
579
586
588
588
590
592
596
598
600
602
603
607
610
612
612
614
614
614
614
618
618
626
626
629
632
638
638
642
642
643
646
648
650
652
652
657
658
658
659
659
661
661
662
664
671
674
676
679
680
680
680
687
692
696
697
699
700
705
706
706
708
720
720
720
723
726
734
738
738
741
741
742
745
747
751
751
753
759
759
764
765
770
770
773
775
786
789
789
792
792
793
794
794
799
799
800
801
802
803
804
808
810
811
812
812
812
813
815
818
824
824
826
844
845
849
850
850
850
851
851
860
862
862
865
867
867
867
868
869
870
870
875
876
876
880
881
882
884
887
890
893
895
899
899
902
903
909
909
910
917
917
918
921
921
923
924
927
929
933
934
936
939
941
943
945
945
948
949
949
951
952
955
959
959
959
960
961
964
968
974
976
978
982
986
987
987
989
991
992
992
995
995
996
999
